60000
135000
600000
250000
450000
140000
550000
240000
850000
365000
260000
250000
1650000
60000
135000
600000
250000
450000
140000
550000
240000
850000
365000
260000
250000
1650000
585000
1195000
390000
1964999
1425000
975000
1190000
930000
525000
1735000
1375000
450000
900000
1300000
1400000
850000
229999
1550000
1250000
625000
1050000
560000
290000
275000
411000
150000
500000
100000
725000
401000
750000
310000
665000
465000
160000
250000
675000
300000
70000
240000
525000
151000
140000
280000
350000
570000
300000
100000
500000
125000
130000
925000
750000
200000
248000
450000
80000
650000
450000
650000
495000
371000
1025000
8150000
750000
600000
80000
325000
1470000
350000
2800000
210000
450000
1150000
210000
4500000
2750000
1975000
175000
2500000
628000
600000
399000
750000
750000
315000
600000
100000
250000
350000
780000
434000
690000
555000
120000
500000
165000
95000
550000
100000
100000
500000
800000
840000
490000
125000
400000
1000000
530000
840000
229999
40000
130000
200000
120000
75000
250000
100000
280000
540000
700000
525000
430000
65000
800000
75000
210000
195000
400000
170000
225000
210000
240000
300000
99000
620000
500000
2550000
260000
550000
150000
350000
320000
400000
175000
120000
320000
70000
810000
95000
282000
80000
72000
600000
640000
380000
650000
150000
280000
430000
800000
75000
650000
390000
100000
1500000
175000
434999
170000
190000
250000
229999
140000
600000
280000
150000
650000
210000
2900000
425000
265000
890000
365000
350000
685000
940000
1000000
1150000
450000
590000
800000
385000
2000000
235000
640000
52000
80000
140000
120000
89999
180000
1500000
700000
285000
390000
125000
225000
175000
1075000
300000
700000
90000
120000
220000
300000
180000
170000
300000
1050000
300000
465000
130000
434999
500000
200000
625000
110000
800000
490000
880000
290000
115999
360000
65000
685000
300000
680000
1000000
100000
160000
450000
600000
180000
100000
120000
130000
160000
860000
650000
100000
282000
300000
270000
550000
450000
430000
350000
350000
229999
110000
395000
650000
350000
1400000
360000
1300000
800000
229999
315000
125000
700000
160000
530000
624000
250000
585000
500000
350000
495000
500000
430000
345000
500000
425000
80000
106000
180000
250000
350000
60000
900000
700000
2000000
1000000
1375000
1800000
160000
525000
850000
800000
700000
800000
575000
350000
250000
600000
370000
80000
50000
900000
300000
125000
490000
300000
55000
350000
755000
720000
229999
1100000
400000
350000
159000
550000
335000
185000
229999
225000
250000
400000
470000
300000
145000
100000
500000
130000
240000
150000
270000
400000
200000
550000
325000
860000
600000
125000
60000
300000
190000
400000
260000
400000
250000
600000
175000
450000
350000
800000
250000
600000
600000
130000
90000
595000
190000
50000
95000
1000000
220000
400000
315000
1000000
500000
1600000
500000
70000
105000
400000
80000
300000
409999
250000
250000
215000
1400000
475000
475000
75000
200000
575000
150000
850000
350000
550000
330000
1044999
300000
235000
120000
130000
275000
270000
500000
400000
600000
1350000
400000
220000
300000
250000
600000
285000
350000
170000
229999
500000
75000
600000
220000
150000
65000
120000
240000
390000
180000
320000
310000
420000
550000
550000
760000
43000
250000
500000
380000
1850000
350000
195000
225000
1125000
133000
200000
940000
400000
120000
625000
110000
490000
140000
175000
90000
275000
300000
270000
130000
275000
352000
180000
150000
300000
300000
225000
600000
500000
900000
600000
450000
270000
310000
250000
700000
650000
400000
425000
600000
600000
300000
450000
750000
325000
900000
180000
350000
600000
900000
350000
280000
225000
520000
509999
556000
225000
325000
365000
850000
350000
225000
135000
140000
665000
275000
2750000
484999
565000
425000
925000
565000
525000
1650000
295000
2050000
1475000
1100000
4400000
670000
750000
760000
850000
390000
450000
425000
770000
1150000
775000
1725000
2150000
450000
3800000
1580000
4950000
535000
225000
550000
670000
625000
520000
239000
2600000
750000
229999
1300000
80000
385000
760000
600000
450000
3800000
1580000
4950000
535000
225000
550000
670000
625000
520000
239000
2600000
750000
229999
1300000
80000
385000
760000
600000
450000
3800000
1580000
4950000
535000
225000
550000
670000
625000
520000
239000
2600000
750000
229999
1300000
80000
385000
760000
600000
450000
3800000
1580000
4950000
535000
225000
550000
670000
625000
520000
239000
2600000
750000
229999
1300000
80000
385000
760000
600000
350000
114999
380000
95000
900000
200999
229999
800000
150000
600000
150000
150000
380000
80000
225000
75000
1600000
185000
425000
100000
140000
710000
450000
210000
270000
110000
540000
145000
360000
250000
110000
250000
150000
140000
925000
969999
90000
55000
155000
900000
135000
180000
495000
400000
250000
138000
311000
190000
311000
300000
600000
550000
600000
195000
58000
183000
95000
250000
250000
400000
409999
120000
600000
600000
825000
625000
700000
160000
114999
150000
250000
390000
650000
600000
250000
229999
299000
330000
180000
475000
325000
639000
415000
1199000
525000
425000
699000
325000
275000
269000
399000
475000
249000
1549000
254999
269000
665000
299000
265000
211000
599000
55000
550000
4000000
220000
500000
140000
325000
210000
110000
1200000
229999
225000
165000
525000
325000
1500000
400000
550000
98000
900000
700000
890000
490000
525000
330000
550000
790000
350000
1700000
750000
409999
220000
68000
290000
600000
470000
150000
180000
80000
875000
300000
2800000
1330000
220000
250000
919999
380000
450000
770000
550000
320000
400000
450000
220000
400000
530000
390000
185000
300000
575000
300000
425000
350000
550000
500000
600000
300000
1150000
475000
260000
350000
750000
180000
350000
611000
325000
225000
300000
400000
711000
851000
500000
250000
150000
610000
450000
744000
120000
220000
480000
370000
55000
125000
260000
350000
170000
350000
250000
170000
1300000
550000
400000
120000
120000
275000
285000
900000
2500000
620000
1700000
650000
500000
250000
950000
320000
450000
350000
400000
200000
250000
550000
85000
52000
1200000
450000
615000
400000
60000
500000
600000
110000
175000
325000
425000
160000
100000
390000
400000
509999
150000
110000
450000
400000
140000
130000
160000
150000
500000
40000
140000
227000
285000
155000
210000
140000
940000
750000
610000
450000
409999
100000
300000
400000
210000
90000
222000
240000
450000
450000
3800000
1580000
4950000
535000
225000
550000
670000
625000
520000
239000
2600000
750000
229999
1300000
80000
385000
760000
600000
450000
3800000
1580000
4950000
535000
225000
550000
670000
625000
520000
239000
2600000
750000
229999
1300000
80000
385000
760000
600000
735000
285000
350000
290000
890000
385000
425000
525000
550000
271000
1490000
490000
260000
455000
75000
421000
550000
330000
390000
599000
110000
250000
600000
280000
2700000
80000
350000
475000
4700000
500000
250000
100000
350000
4000000
1900000
95000
409999
1050000
320000
1000000
1770000
950000
750000
220000
1000000
660000
716000
675000
385000
325000
950000
400000
250000
4000000
210000
147000
725000
550000
475000
250000
70000
160000
1000000
68000
500000
170000
1300000
1050000
300000
600000
900000
550000
100000
400000
120000
300000
140000
640000
380000
120000
650000
150000
550000
650000
1025000
195000
3800000
1490000
4950000
1140000
95000
3050000
550000
625000
520000
239000
2600000
229999
1300000
585000
825000
280000
725000
300000
375000
310000
375000
1950000
400000
550000
270000
555000
500000
400000
280000
80000
55000
250000
250000
95000
725000
320000
1200000
160000
790000
1200000
175000
950000
340000
825000
3100000
780000
350000
690000
245000
790000
680000
540000
425000
140000
1100000
715000
1580000
1750000
400000
1750000
1850000
114999
950000
310000
575000
490000
480000
3500000
370000
835000
650000
670000
950000
690000
670000
925000
250000
509999
520000
100000
85000
130000
950000
450000
320000
480000
2490000
790000
120000
75000
99000
1015000
250000
520000
1100000
200000
525000
500000
675000
150000
250000
450000
150000
200000
525000
60000
180000
475000
380000
285000
91200
250000
400000
160000
650000
409999
425000
250000
200000
250000
130000
260000
155000
450000
220000
650000
285000
725000
625000
550000
240000
600000
350000
245000
600000
2400000
620000
395000
635000
180000
484999
110000
150000
400000
200000
302000
215000
155000
1000000
550000
200000
750000
90000
80000
229999
350000
325000
450000
250000
225000
150000
110000
150000
165000
610000
170000
150000
300000
375000
390000
600000
204999
270000
375000
700000
455000
375000
341000
200000
450000
170000
1900000
500000
819999
351000
195000
250000
120000
180000
430000
75000
750000
60000
1500000
390000
630000
1085000
190000
550000
200000
165000
260000
151000
780000
175000
170000
210000
90000
535000
195000
140000
350000
425000
300000
340000
250000
170000
315000
200000
300000
300000
380000
250000
310000
260000
150000
85000
280000
850000
375000
125000
250000
715000
220000
110000
150000
300000
220000
75000
100000
380000
100000
480000
300000
190000
190000
650000
300000
700000
310000
500000
415000
395000
430000
215000
550000
415000
450000
285000
580000
300000
1200000
78000
65000
400000
850000
450000
2500000
780000
3200000
350000
285000
525000
550000
580000
75000
185000
110000
180000
350000
60000
695000
2700000
135000
640000
160000
80000
340000
110000
250000
1300000
250000
450000
240000
225000
275000
320000
75000
85000
90000
85000
350000
355000
619000
1700000
55000
95000
300000
81000
1000000
925000
450000
600000
85000
700000
486000
400000
120000
275000
580000
375000
229999
110000
600000
120000
200000
450000
550000
220000
40000
300000
630000
610000
660000
220000
138000
210000
125000
125000
725000
170000
1200000
70000
100000
300000
450000
530000
100000
350000
165000
475000
350000
229999
800000
475000
425000
660000
610000
240000
70000
550000
100000
350000
200000
720000
350000
400000
570000
130000
210000
800000
700000
200000
495000
325000
650000
155000
75000
350000
90000
600000
400000
370000
50000
125000
1800000
650000
800000
802000
2300000
430000
650000
170000
450000
250000
550000
2000000
140000
155000
120000
287000
675000
235000
300000
434999
225000
160000
600000
470000
300000
600000
640000
50000
600000
290000
600000
190000
160000
325000
200000
2800000
125000
155000
550000
130000
80000
500000
250000
580000
60000
300000
200000
1200000
350000
600000
650000
120000
180000
950000
250999
385000
1250000
165000
700000
750000
89999
290000
45000
675000
530000
1485000
325000
400000
380000
750000
390000
110000
1825000
3256000
370000
210000
175000
575000
320000
280000
500000
380000
120000
395000
360000
451000
175000
170000
100000
150000
149000
160000
434999
800000
819999
163000
350000
75000
180000
675000
400000
434999
100000
419000
200000
400000
790000
500000
275000
450000
1400000
800000
315000
700000
585000
350000
495000
500000
345000
500000
360000
210000
220000
250000
990000
220000
1800000
530000
575000
400000
680000
1000000
260000
150000
180000
346000
450000
500000
700000
280000
475000
300000
200999
200000
210000
160000
175000
320000
110000
300000
700000
135000
500000
550000
1050000
500000
180000
170000
484999
150000
380000
480000
135000
290000
350000
110000
70000
300000
180000
300000
509000
650000
450000
170000
210000
360000
495000
105000
270000
130000
700000
400000
250000
325000
69000
1380000
90000
1000000
145000
250000
256000
70000
50000
240000
97000
130000
199000
125000
420000
525000
125000
325000
330000
110000
450000
85000
229999
250000
650000
600000
650000
750000
850000
315000
415000
640000
780000
2595000
850000
900000
1150000
75000
215000
130000
400000
550000
245000
320000
730000
120000
950000
350000
100000
350000
80000
370000
160000
130000
250000
270000
2600000
160000
229999
750000
195000
320000
1100000
270000
300000
200000
120000
95000
400000
229999
430000
300000
350000
450000
200000
250000
368000
368000
650000
150000
180000
525000
350000
850000
350000
75000
160000
500000
130000
350000
70000
750000
450000
430000
260000
370000
229999
140000
700000
545000
200000
500000
70000
580000
160000
450000
160000
760000
300000
50000
800000
680000
85000
1300000
500000
3500000
145000
300000
600000
400000
130000
45000
641000
650000
784000
635000
1000000
495000
324000
2100000
200000
320000
300000
180000
500000
305000
125000
800000
420000
875000
580000
350000
120000
150000
650000
225000
400000
250000
120000
250000
175000
450000
590000
225000
900000
375000
320000
525000
650000
575000
355000
470000
221000
195000
90000
580000
325000
495000
290000
375000
211000
270000
70000
225000
420000
280000
400000
850000
550000
550000
1000000
350000
350000
170000
828999
1119000
746000
1030000
1334000
811999
1331000
852000
45000
430000
140000
830000
409999
190000
200000
120000
850000
95000
213000
660000
415000
1100000
650000
969999
1250000
715000
715000
565000
615000
199000
325000
409999
500000
225000
135000
750000
155000
335000
114999
699000
110000
300000
700000
700000
210000
600000
180000
220000
70000
950000
800000
700000
265000
175000
260000
950000
250000
630000
35000
450000
3800000
1580000
4950000
535000
225000
550000
670000
625000
520000
239000
2600000
750000
229999
1300000
80000
385000
760000
600000
330000
150000
105000
185000
260000
450000
500000
260000
265000
800000
869999
690000
825000
160000
300000
100000
530000
360000
220000
178000
515000
300000
105000
185000
150000
260000
450000
500000
260000
265000
750000
800000
869999
950000
690000
825000
170000
160000
300000
315000
90000
100000
65000
312000
700000
150000
450000
229999
111000
250000
750000
774000
711000
600000
455000
225000
650000
200000
875000
750000
725000
100000
1100000
2700000
280000
150000
200000
148000
254999
360000
95000
185000
185000
300000
800000
60000
80000
500000
250000
250000
125000
100000
480000
320000
130000
57000
75000
60000
125000
105000
125000
69000
130000
630000
330000
340000
60000
550000
480000
315000
165000
170000
550000
465000
120000
220000
180000
150000
520000
430000
300000
1000000
725000
500000
250000
700000
185000
200000
315000
1100000
52000
600000
1700000
451000
370000
2700000
280000
350000
250000
204999
500000
150000
175000
170000
200000
800000
1200000
400000
148000
200000
284000
80000
170000
150000
110000
400000
275000
800000
550000
125000
135000
349000
458000
300000
95000
850000
750000
190000
150000
114999
320000
300000
275000
140000
830000
380000
150000
50000
155000
155000
300000
300000
385000
221000
381000
250999
60000
380000
180000
751000
1250000
229999
1250000
782000
780000
245000
321000
509999
110000
400000
370000
175000
1000000
92800
291000
92800
335000
170000
295000
375000
215000
150000
60000
52000
80000
140000
120000
110000
280000
450000
1150000
650000
300000
73000
400000
300000
300000
450000
200000
580000
550000
190000
450000
220000
310000
650000
300000
200000
285000
335000
370000
375000
235000
345000
365000
400000
250000
465000
300000
655000
350000
500000
465000
263000
250000
60000
70000
250000
229999
195000
270000
650000
370000
509999
280000
180000
300000
400000
210000
90000
222000
240000
450000
650000
200000
210000
75000
450000
220000
325000
450000
825000
125000
434999
484999
175000
220000
1250000
215000
625000
615000
130000
175000
150000
195000
550000
1500000
400000
1350000
217000
290000
700000
175000
575000
380000
350000
450000
130000
320000
550000
370000
114999
1100000
170000
80000
950000
425000
500000
70000
349000
330000
120000
430000
390000
225000
350000
100000
190000
315000
300000
280000
1650000
295000
2050000
1475000
1100000
4400000
670000
750000
760000
850000
390000
450000
425000
770000
1150000
775000
720000
1725000
539000
420000
85000
142000
180000
400000
360000
85000
350000
380000
140000
200000
150000
150000
90000
300000
280000
200000
110000
140000
1050000
1150000
910000
160000
105000
1200000
300000
70000
160000
160000
225000
790000
145000
1200000
930000
210000
110000
175000
950000
650000
550000
85000
340000
825000
509999
450000
3800000
1580000
4950000
535000
225000
550000
670000
625000
520000
239000
2600000
750000
229999
1300000
80000
385000
760000
600000
450000
3800000
1580000
4950000
535000
225000
550000
670000
625000
520000
239000
2600000
750000
229999
1300000
80000
385000
760000
600000
650000
140000
150000
450000
170000
400000
300000
250000
500000
85000
300000
80000
740000
70000
484999
164000
140000
999000
56000
1050000
190000
3899000
235000
350000
465000
1900000
450000
790000
900000
450000
135000
425000
100000
650000
90000
250000
300000
275000
600000
270000
240000
1200000
160000
790000
1200000
175000
950000
340000
825000
3100000
780000
350000
690000
245000
790000
680000
540000
425000
140000
1100000
715000
370000
175000
1000000
92800
291000
92800
350000
65000
650000
350000
75000
440000
270000
1150000
238000
1100000
1200000
260000
350000
480000
345000
500000
595000
1295000
1350000
541000
515000
894999
325000
925000
844999
925000
300000
650000
175000
325000
600000
700000
95000
490000
380000
550000
225000
570000
305000
240000
700000
288000
800000
430000
195000
325000
450000
630000
250000
135000
110000
350000
240000
350000
600000
750000
270000
90000
350000
285000
665000
175000
350000
1225000
285000
1000000
780000
300000
160000
625000
265000
515000
210000
140000
940000
750000
610000
450000
409999
100000
650000
650000
150000
500000
1000000
340000
800000
1010000
350000
595000
700000
265000
320000
310000
700000
130000
150000
300000
150000
120000
950000
100000
450000
30000
200000
250000
1300000
425000
550000
500000
1150000
475000
260000
350000
750000
180000
350000
611000
325000
280000
300000
711000
851000
260000
550000
1044999
550000
210000
210000
290000
250999
600000
270000
550000
800000
500000
535000
396000
600000
575000
520000
1400000
600000
195000
281000
75000
400000
93000
560000
400000
459999
450000
88000
250000
22000
130000
79000
120000
1700000
300000
300000
145000
3200000
240000
700000
145000
535000
420000
350000
550000
750000
198000
420000
420000
195000
150000
275000
65000
200000
250000
450000
590000
225000
225000
165000
860000
900000
182000
100000
100000
375000
525000
320000
525000
650000
575000
355000
470000
221000
195000
85000
400000
650000
400000
295000
60000
110000
550000
190000
861999
782000
836000
696000
596000
612000
114999
340000
550000
114999
105000
890000
715000
525000
735000
495000
1025000
750000
600000
475000
80000
325000
1470000
350000
2800000
210000
349000
450000
1150000
210000
4500000
825000
2750000
160000
550000
95000
725000
670000
65000
500000
600000
350000
200000
110000
150000
75000
350000
1700000
890000
500000
600000
99000
235000
75000
600000
1000000
390000
600000
600000
730000
450000
250000
1400000
300000
800000
125000
2600000
300000
295000
650000
200000
130000
250000
400000
430000
170000
450000
350000
130000
180000
475000
470000
200000
650000
400000
100000
409999
640000
160000
182000
750000
150000
80000
240000
60000
70000
285000
350000
699000
275000
350000
135000
325000
650000
300000
1200000
450000
425000
150000
290000
335000
120000
20000
250000
120000
250000
220000
61000
620000
425000
85000
270000
180000
300000
800000
125000
450000
450000
250000
725000
250000
99000
350000
511000
300000
1100000
125000
500000
385000
350000
60000
300000
400000
550000
300000
250000
800000
300000
80000
1200000
355000
520000
500000
114999
1800000
800000
105000
135000
170000
550000
250000
650000
210000
260000
750000
1350000
220000
110000
1230000
220000
130000
330000
254999
600000
210000
300000
426000
265000
450000
480000
40000
395000
229999
875000
170000
500000
450000
3800000
1580000
4950000
535000
225000
550000
670000
625000
520000
239000
2600000
750000
229999
1300000
80000
385000
760000
600000
450000
450000
550000
200000
80000
300000
675000
260000
500000
150000
100000
70000
100000
730000
525000
525000
550000
420000
500000
165000
650000
195000
75000
100000
1770000
90000
515000
700000
62000
220000
520000
170000
190000
150000
125000
290000
490000
434999
380000
200000
495000
894999
600000
300000
430000
370000
750000
300000
700000
100000
300000
130000
650000
509999
1000000
280000
600000
210000
1150000
229999
245000
600000
375000
150000
1450000
500000
75000
225000
275000
620000
600000
275000
125000
80000
199000
440000
250000
700000
450000
240000
350000
650000
71000
400000
130000
300000
1100000
2200000
800000
490000
836000
375000
1249000
1240000
35000
1068000
1189000
700000
350000
254999
229999
750000
325000
760000
509999
363000
229999
290000
550000
125000
2000000
350000
390000
260000
150000
85000
280000
220000
140000
370000
650000
280000
540000
50000
800000
515000
220000
525000
165000
221000
245000
260000
550000
434999
450000
290000
305000
265000
325000
550000
105000
275000
434999
690000
249000
204999
200000
190000
150000
70000
900000
950000
475000
55000
450000
1200000
300000
350000
229999
821000
200000
1000000
220000
459999
310000
815000
1200000
170000
1000000
155000
400000
400000
250000
150000
80000
130000
325000
735000
285000
350000
290000
890000
385000
425000
525000
550000
271000
1490000
490000
260000
455000
75000
421000
550000
330000
390000
599000
738000
300000
150000
440000
280000
100000
150000
380000
90000
300000
275000
180000
225000
200000
500000
300000
765000
650000
380000
480000
200000
380000
145000
280000
254999
300000
480000
850000
350000
650000
650000
550000
300000
150000
300000
80000
200000
220000
68000
180000
290000
300000
600000
470000
150000
400000
110000
180000
250000
80000
875000
425000
300000
700000
130000
1000000
650000
400000
800000
675000
210000
150000
45000
516000
450000
134000
509999
500000
130000
575000
550000
145000
347000
275000
630000
160000
150000
550000
349000
229999
110000
110000
245000
180000
290000
250000
150000
55000
500000
290000
400000
72000
250000
575000
1300000
425000
470000
220000
310000
400000
215000
310000
750000
204999
260000
180000
125000
420000
220000
200000
130000
335000
2650000
2675000
2675000
434999
500000
290000
475000
270000
600000
300000
415000
800000
420000
1250000
270000
390000
400000
100000
850000
359000
470000
360000
250999
45000
75000
495000
310000
540000
665000
425000
1295000
675000
980000
320000
250000
600000
300000
305000
270000
300000
106000
90000
539000
110000
250000
300000
707000
95000
495000
200000
110000
100000
150000
509999
50000
85000
475000
425000
480000
950000
535000
325000
270000
300000
325000
350000
229999
325000
70000
190000
345000
1025000
120000
114999
300000
340000
90000
150000
115999
425000
550000
500000
300000
1150000
475000
260000
350000
750000
350000
180000
611000
325000
225000
300000
400000
711000
851000
375000
275000
120000
350000
409999
500000
220000
120000
70000
800000
450000
525000
300000
195000
130000
300000
120000
450000
160000
800000
100000
825000
265000
175000
250999
471000
650000
650000
225000
245000
221000
271000
290000
525000
377000
95000
763000
450000
140000
701000
277000
520000
550000
260000
420000
35000
1150000
680000
425000
450000
590000
936999
420000
450000
40000
520000
80000
55000
80000
210000
300000
260000
250000
80000
450000
310000
500000
800000
840000
490000
125000
400000
1000000
530000
840000
229999
40000
130000
200000
120000
75000
250000
100000
280000
540000
700000
350000
320000
475000
220000
210000
61000
355000
150000
133000
650000
210000
130000
60000
120000
2900000
100000
79000
120000
125000
425000
70000
619000
415000
265000
70000
281000
211000
550000
350000
420000
270000
399000
440000
250000
650000
270000
390000
1500000
225000
900000
1600000
800000
320000
300000
740000
350000
280000
675000
300000
400000
420000
300000
170000
210000
600000
260000
82000
690000
300000
1250000
799000
1000000
190000
250000
200000
300000
250000
90000
68000
500000
900000
100000
700000
1750000
290000
1050000
70000
520000
150000
120000
600000
150000
400000
310000
550000
550000
320000
50000
500000
360000
700000
700000
655000
700000
200000
375000
470000
550000
500000
210000
270000
300000
80000
1451000
1085000
245000
700000
300000
350000
635000
325000
1150000
110000
890000
73000
170000
750000
280000
690000
130000
73000
85000
1575000
325000
85000
860000
690000
650000
375000
525000
330000
280000
470000
350000
480000
620000
250000
78692
350000
250000
260000
640000
220000
465000
229999
425000
95000
170000
229999
45000
479000
370000
340000
620000
270000
400000
260000
48000
100000
490000
120000
125000
160000
190000
1700000
250000
500000
400000
500000
1800000
320000
250000
105000
550000
600000
210000
210000
150000
125000
380000
600000
490000
545000
250000
1050000
100000
250000
100000
350000
370000
121000
570000
785000
850000
375000
619000
335000
500000
60000
130000
210000
1900000
270000
225000
150000
173000
4800000
710000
1500000
550000
58000
1200000
500000
120000
300000
300000
295000
587000
430000
123000
450000
130000
110000
200000
320000
300000
350000
800000
270000
540000
160000
340000
350000
300000
330000
325000
250000
250000
240000
545000
300000
130000
240000
360000
250000
475000
600000
150000
700000
1290000
80000
425000
500000
193000
800000
150000
80000
130000
280000
229999
80000
70000
240000
380000
240000
80000
265000
320000
500000
1300000
1500000
1800000
600000
420000
140000
300000
100000
350000
850000
140000
550000
525000
470000
900000
500000
80000
175000
1350000
800000
250000
700000
800000
660000
465000
180000
600000
150000
450000
721000
300000
1000000
300000
450000
79000
545000
844999
700000
650000
525000
110000
180000
280000
400000
625000
535000
459999
300000
280000
500000
1200000
300000
180000
180000
78000
160000
600000
110000
450000
1350000
120000
1040000
390000
65000
320000
720000
220000
225000
200000
434999
300000
700000
500000
500000
400000
825000
720000
110000
600000
275000
2349000
740000
800000
1100000
750000
200000
210000
270000
630000
375000
300000
580000
550000
750000
250000
434999
900000
685000
540000
1165000
610000
254999
280000
370000
459999
42000
42000
190000
165000
710000
1200000
229999
310000
320000
100000
160000
60000
100000
350000
700000
300000
830000
220000
130000
330000
254999
600000
210000
120000
95000
229999
229999
400000
300000
300000
80000
80000
100000
300000
700000
975000
500000
550000
550000
240000
50000
120000
900000
250000
280000
85000
90000
500000
200000
250000
185000
100000
610000
290000
300000
225000
320000
135000
400000
400000
570000
500000
130000
360000
530000
250000
600000
570000
850000
250000
580000
1680000
180000
300000
269000
231999
150000
495000
700000
400000
599000
421000
841000
295000
220000
250000
1100000
300000
80000
215000
245000
650000
760000
395000
280000
495000
525000
420000
210000
650000
2300000
525000
195000
650000
540000
180000
750000
980000
250000
550000
509999
320000
275000
550000
145000
250000
520000
95000
725000
55000
600000
330000
470000
365000
250000
430000
400000
615000
150000
240000
800000
240000
600000
800000
160000
350000
300000
399000
300000
150000
320000
1280000
300000
1000000
1090000
450000
60000
500000
200000
650000
60000
250999
185000
155000
600000
300000
850000
470000
600000
700000
70000
1250000
650000
450000
750000
775000
800000
360000
250000
1490000
600000
120000
320000
400000
302000
130000
150000
200000
950000
120000
1400000
620000
449000
100000
600000
700000
250000
550000
675000
530000
325000
370000
360000
650000
199000
285000
260000
869999
425000
490000
750000
125000
221000
724000
440000
70000
511000
790000
640000
120000
126000
120000
650000
450000
110000
600000
620000
600000
795000
300000
495000
1580000
1750000
1350000
350000
300000
400000
1750000
70000
500000
2575000
345000
220000
1850000
114999
50000
585000
950000
625000
1035000
310000
600000
3100000
650000
550000
1260000
660000
700000
235000
475000
795000
8900000
3200000
1860000
4200000
850000
585000
380000
650000
600000
434999
525000
4800000
160000
160000
125000
430000
900000
61000
400000
150000
950000
220000
110000
375000
350000
310000
90000
350000
100000
1300000
70000
225000
145000
930000
550000
85000
280000
360000
150000
900000
120000
215000
550000
775000
409999
65000
200000
240000
800000
400000
500000
150000
500000
320000
300000
650000
285000
360000
450000
175000
350000
530000
1025000
950000
725000
919999
700000
725000
840000
365000
665000
50000
225000
229999
145000
624000
500000
750000
785000
225000
300000
680000
700000
180000
270000
370000
1100000
120000
430000
550000
320000
390000
550000
370000
190000
509999
450000
5500000
550000
400000
585000
500000
800000
265000
175000
125000
165000
150000
1025000
1030000
380000
250000
85000
500000
350000
190000
940000
475000
300000
250000
93000
290000
75000
1000000
550000
285000
240000
850000
650000
365000
650000
260000
250000
550000
70000
225000
145000
930000
550000
85000
280000
360000
150000
900000
120000
215000
550000
775000
409999
65000
200000
240000
800000
400000
229999
580000
175000
250000
320000
300000
800000
245000
300000
350000
70000
430999
80000
335000
350000
315000
1100000
80000
285000
100000
225000
4500000
320000
1249000
120000
200000
1151000
120000
220000
750000
784000
500000
350000
1400000
600000
525000
930000
440000
434999
250000
940000
1050000
825000
229999
375000
640000
800000
130000
300000
440000
595000
450000
690000
300000
170000
280000
220000
140000
45000
200000
325000
300000
120000
535000
520000
550000
280000
225000
750000
535000
1250000
650000
295000
480000
575000
509999
69000
200000
449000
426000
650000
260000
295000
260000
120000
155000
450000
320000
123000
80000
220000
650000
285000
725000
97000
625000
550000
130000
240000
600000
350000
245000
199000
330000
150000
927999
70000
399000
350000
125000
150000
250000
675000
950000
409999
225000
350000
51111
290000
310000
212000
900000
221000
675000
421000
350000
140000
90000
830000
180000
210000
700000
45000
125000
530000
800000
580000
1400000
300000
300000
700000
250000
500000
428000
1400000
219000
500000
520000
509999
556000
225000
325000
365000
850000
350000
225000
135000
140000
665000
275000
2750000
484999
565000
425000
925000
565000
525000
409999
570000
160000
749000
300000
550000
550000
1250000
700000
600000
925000
1800000
459999
565000
170000
150000
295000
819999
819999
320000
550000
550000
590000
1050000
950000
1000000
500000
450000
720000
390000
500000
2500000
780000
484999
420000
1225000
350000
350000
800000
125000
75000
509999
215000
465000
625000
490000
880000
290000
115999
685000
300000
680000
480000
630000
190000
500000
850000
350000
425000
495000
890000
1100000
650000
465000
625000
490000
880000
290000
115999
685000
300000
680000
480000
630000
190000
500000
850000
350000
425000
495000
890000
1100000
650000
233000
300000
614000
250000
250000
200000
290000
320000
145000
100000
130000
145000
110000
680000
37500
200000
300000
80000
740000
630000
70000
484999
164000
140000
999000
56000
1050000
190000
3899000
150000
235000
599000
200000
350000
465000
1900000
1000000
2800000
470000
415000
500000
150000
95000
400000
114999
75000
500000
195000
155000
65000
65000
190000
200000
160000
150000
530000
750000
225000
600000
409999
409999
110000
865000
225000
