70000
50000
100000
46000
141000
125000
25000
60000
25000
78000
35000
100000
25000
70000
50000
100000
46000
141000
125000
25000
60000
25000
78000
35000
100000
25000
24000
5000
33000
28000
59000
4500
175900
14500
15000
50000
33800
130400
50000
80000
10000
119000
60000
75800
78000
40000
50000
74000
64000
60000
120000
79000
15000
80000
18500
10200
29000
28000
46000
70000
60000
35000
90000
80000
80000
73300
92000
66764
100000
350000
230000
60000
31000
39000
120000
166000
110000
35000
60000
54000
63000
120000
120000
76000
80000
25000
11958
20000
9000
6500
70000
120000
58000
62200
34000
53000
49000
15000
50000
53000
63500
9800
13000
21000
29173
48000
120000
100000
30000
87000
15000
16000
60000
60000
110000
25000
60000
79350
80000
90000
90000
120000
60000
50000
20000
110000
50000
100000
70000
70000
50000
81000
120000
3600
14272
49213
40000
40000
80000
70000
70000
57000
120000
30000
3240
5000
10000
100000
80000
70000
35000
114000
53772
140000
120000
60000
25000
90000
120000
175000
100000
36000
30000
40000
70000
60000
155500
50000
40000
100000
80000
90000
90000
110000
15000
100000
40000
60000
25000
25000
23000
22155
70000
60000
110000
30000
15000
100000
70000
24000
120000
35000
78380
110000
90000
90000
150000
230000
70000
80362
110000
60000
50000
40000
40000
20000
55000
1136
55000
43000
60000
2650
40000
15000
115962
65000
40000
58000
15000
54000
56000
120000
90000
70000
90000
213000
120000
20000
10000
80000
90000
80000
60000
139000
160000
150000
163000
120000
120000
100000
140000
87000
70000
50000
70000
150000
25000
80000
10000
32000
10000
52000
120000
11240
66000
64000
49000
100000
26500
100000
72000
50000
44000
60000
120000
130000
70000
20000
60000
195000
90000
80000
155000
35000
20000
80000
20000
50000
110000
29000
120000
70000
40000
20000
50000
50000
49000
70000
90000
25000
4000
10000
15000
30000
41000
28000
16000
70000
10832
14681
50000
51000
25000
30000
80000
50000
200000
44000
10000
19600
40000
50000
46730
40000
80000
80000
24000
21170
167223
40000
60000
141440
120000
140000
212814
30000
88635
25000
20000
110000
120000
149674
100000
120000
120000
25000
35000
40000
60000
50000
25000
25000
8000
60000
200000
20000
100000
70000
68000
38000
80000
72000
75000
43000
120000
100000
163000
25000
25000
90000
70000
98000
81925
80000
40000
90000
46000
80000
35000
82080
200000
70000
40000
120000
60000
110000
97000
30000
40000
10000
52047
200000
15000
50000
70000
10000
90000
40000
62009
33100
40000
120000
80000
70000
220000
50000
45000
110000
49000
35000
160000
180000
60000
110000
60000
30000
40000
70000
120000
80000
120000
20000
22000
35000
120000
8000
40000
10000
30000
54000
80577
25000
127500
40903
60000
46000
22288
180000
30000
61690
64484
90000
75976
70000
85962
120000
120000
75000
57035
70000
45000
72104
15000
30000
80000
164000
124439
77000
90000
30000
50000
80000
5000
24000
10000
78000
50000
100000
20000
1250
17152
5000
77000
90000
80000
65000
80000
24005
20000
120000
120000
80000
80000
100000
120000
149000
65000
100000
65000
19000
80000
30000
109000
90000
90000
65000
110000
120000
44000
80000
5000
61000
100000
27633
100000
100000
12586
38083
55328
81632
155201
93283
217871
90165
101504
86017
85036
91086
160254
125531
60000
100000
90000
120000
82000
60000
24000
120000
65000
65000
84000
75000
50000
50000
49000
560000
14365
41000
65000
65000
61083
75000
72000
65000
55000
21000
66363
11700
10000
100000
7104
45974
55340
20000
61585
39415
29654
64672
54634
66521
23974
43000
1000
10000
86000
30000
52600
110000
19890
7104
11918
10510
41000
47162
45974
49824
58500
56580
52000
55340
46507
1000
10000
86000
30000
52600
110000
19890
7104
11918
10510
41000
47162
45974
49824
58500
56580
52000
55340
46507
1000
10000
86000
30000
52600
110000
19890
7104
11918
10510
41000
47162
45974
49824
58500
56580
52000
55340
46507
1000
10000
86000
30000
52600
110000
19890
7104
11918
10510
41000
47162
45974
49824
58500
56580
52000
55340
46507
50000
30000
50000
100000
35000
90000
11451
60000
172000
60000
150000
66000
5000
66508
55000
29900
3000
85000
50000
120000
90000
8000
7900
50000
25000
20000
17500
25000
206500
88600
80000
100000
186000
60000
11000
30000
80000
60000
100000
15000
90000
120000
100000
138000
110000
120000
70000
70000
140000
15000
20000
100000
70000
5000
27974
40000
80000
38000
38000
35000
60000
120000
18000
10000
90000
80000
1400
60000
60000
53000
100000
86000
100000
30000
120000
60000
50000
124000
100000
42000
100000
28205
32670
30093
56228
59319
39503
35299
51687
76259
44049
45087
41125
42215
54206
52547
59110
54565
47564
45143
61624
195000
50000
68000
120000
20000
30000
60000
90000
90000
25000
40000
110000
132000
10980
20629
50000
30000
69782
54000
63654
60000
52000
59385
70378
55425
78413
40890
34823
75000
55545
56541
43700
120000
20000
27483
8000
30000
56207
70000
1440
50000
20000
91195
63657
60000
75000
97248
46000
10000
80000
100000
35000
50000
90000
150000
89000
60000
100000
100000
90000
75000
36000
12000
12997
40000
60000
25000
26430
24600
28481
100000
41988
30375
7658
34400
18500
48000
28942
50000
53600
53652
25000
80000
50000
15000
5000
106000
100000
60000
120000
82000
35000
205000
125000
130000
97000
90000
60000
60000
35000
25000
15000
20000
20000
70000
90000
80000
79500
70000
5000
15000
35000
120000
15000
60000
120000
90000
90000
10000
72000
197000
70000
50000
50000
60000
40000
60000
40000
9161
45000
110000
80000
100000
90000
70000
80000
110000
50000
5000
90000
120000
80000
38000
120000
90000
50000
60000
100000
19000
200000
70000
50000
19077
30000
80000
128000
80000
100000
50000
56000
21302
10500
107000
60000
120000
70000
50000
70000
1000
10000
86000
30000
52600
110000
19890
7104
11918
10510
41000
47162
45974
49824
58500
56580
52000
55340
46507
1000
10000
86000
30000
52600
110000
19890
7104
11918
10510
41000
47162
45974
49824
58500
56580
52000
55340
46507
55300
74300
48781
87620
40219
11473
8352
9745
9748
49000
20694
31080
37605
55850
58850
23839
54000
38000
45454
46957
60000
25000
110000
190000
25000
90000
5000
60000
1500
50000
120000
120000
5000
47000
20000
120000
58000
35000
30000
10000
25000
20000
50000
42000
50000
116000
100000
66000
110000
70000
60000
110000
25000
68000
20000
110000
26350
90000
25000
50000
60000
70000
90000
70000
26500
60000
35000
10000
15000
25000
50000
25000
52000
15000
20000
90000
60000
23000
22155
20000
70000
60000
35000
71042
167870
133564
10000
40000
30000
23038
70000
30000
19890
11918
10510
41000
47162
49824
58500
43608
11212
52000
49217
90000
70000
90000
190000
106000
80000
80000
20000
110000
60000
130000
28838
200000
100000
50000
190000
100000
135000
50000
135000
50000
19571
29600
70000
15000
50000
13500
22000
25000
80000
39000
60000
49000
48600
20000
25000
120000
30000
35000
86000
127643
54000
102354
62237
90000
21394
32686
1001
22000
53261
53000
10000
14000
44000
39895
73000
17000
18591
26766
30000
42000
110000
100000
300000
110000
27620
70000
50000
50000
46000
82000
120000
80000
70000
20000
200000
120000
30000
223000
60000
40000
161327
60000
50000
6000
68000
85000
70000
35000
100000
110000
195000
46000
60000
46000
42000
90000
85000
120000
72000
71000
110000
71000
144000
30000
65000
38000
90000
37000
30000
26000
30000
23000
40000
27000
65000
32000
56000
30000
80000
52000
13250
36000
73000
60000
60000
110000
70000
60000
90000
80000
101000
44000
45000
120000
90000
120000
13500
10000
25000
8500
120000
120000
90246
90000
40000
60000
32000
60400
70950
90000
72000
90000
10000
25000
80000
10000
1100
40000
10000
31491
107143
15000
50000
100000
60000
85000
40000
80000
82000
70000
70000
20000
35000
80000
40000
46412
150000
50000
15000
60000
25000
90000
60000
65000
40000
50000
80000
107500
135000
43826
55838
112880
90000
40000
66000
30300
85000
80659
81324
127884
50000
25000
66755
123084
806599
95851
50000
50000
60000
15000
40000
20000
120000
110000
234000
70000
110000
84000
170000
40000
96000
20000
15000
50000
80000
124000
70000
130000
19014
23262
29600
35925
12000
40771
30500
42000
55800
66569
81358
82695
68293
32000
190621
60000
64700
100000
88470
75000
120000
35000
70000
57000
1000
120000
98000
90000
70000
25000
60000
90000
200000
110000
126000
70000
5000
74183
70000
90000
46000
110000
80000
90000
70000
1
192000
70000
120000
60000
120000
120000
50000
120000
80000
80000
100000
1500
50000
100000
83411
120000
83411
80000
50000
40000
13270
100000
50000
26500
90000
100000
35000
57000
70000
100000
88000
60000
76000
100000
110000
80000
80000
30000
20000
40000
40000
7000
80000
90000
13770
34000
102000
110000
90000
70000
90000
70000
80000
100000
100000
143000
115000
100000
120000
42000
38000
35000
120000
136906
97000
10000
50000
60000
120000
120000
90000
120000
3000
133000
25000
35000
70000
52000
52000
39000
28689
90000
80322
8000
50000
90000
61658
50000
80000
185000
57000
60000
120000
26000
20000
30600
5000
35000
35000
23000
120000
235000
87000
72000
64000
100000
12000
67000
70000
60000
74500
118700
40000
223660
140000
5000
100000
100000
2000
4000
120000
35000
29000
30000
120000
110000
15000
73756
40000
60000
60000
90000
70000
70000
80000
27000
70000
50000
185000
90000
16400
80000
80000
4000
40000
120000
41395
35000
52000
47000
50000
48000
53000
213000
15000
7000
88000
55000
48000
71014
60000
71000
45000
45000
20000
14000
17000
60000
80000
181000
89550
90000
149500
190000
83000
20000
20000
160000
100000
45000
44800
40000
120000
10000
80000
10000
156000
120000
100000
100000
100000
60000
30000
170000
100000
110000
170000
100000
35000
40000
90000
120000
120000
25000
15000
41000
16000
51000
30000
80000
50000
44000
10000
33000
25000
66000
48000
146000
100000
50000
50000
50000
99000
50000
80000
45000
50000
70000
37516
20000
5000
8000
25880
10000
50000
40000
100000
80000
110000
136000
80000
50000
30000
10000
90000
110000
120000
90000
20000
90000
50000
9000
70000
25000
10000
90000
60000
70000
25000
80000
70000
60000
20000
60000
80000
70000
2020
100000
80000
120000
100000
60000
110000
90000
40000
60000
94000
100000
25000
90000
40000
90000
1100
70000
120000
88500
70000
128000
120000
52536
70000
60000
110000
85000
135000
86000
50000
1950
118400
70000
60000
68000
46507
6480
32077
19107
18469
28217
72787
31063
79641
58692
54784
64156
54000
97000
120000
16000
60000
52000
110000
60000
100000
35000
48000
20000
30000
40000
60000
70000
120000
30000
80000
9500
80000
80000
29000
120000
60000
20000
22000
50000
50000
81366
110000
100000
300000
20000
90000
70000
120000
53000
30000
90000
90000
244000
120000
60000
15000
150000
30000
312000
54000
67000
40000
100000
100000
80000
145000
53000
73000
90000
80000
100000
90000
200000
7300
30000
120000
90000
25000
70000
6000
36000
49000
22000
35000
24000
20000
50000
70000
60000
35000
60000
60000
60000
70000
135000
72539
25000
50000
101
101
101
52328
30000
91505
35000
60000
20500
200000
154000
120000
50000
135000
100000
40000
70000
133000
110000
180000
120000
80000
15000
70000
41723
70000
20000
1000
26350
68745
47000
27289
24662
37000
28245
27005
39227
31367
35008
27005
100005
45264
39093
45241
12000
2769
43128
110000
50000
60000
70000
22255
59213
55000
80000
80000
40000
170000
170000
70000
1010
1010
1111
1010
1010
1010
1010
1010
120000
70000
60000
70000
110000
80000
80000
110000
50000
115000
80000
25000
48965
5166
76290
70000
35000
25000
25000
47000
45766
78771
79357
28000
72000
76736
70000
80000
60000
77000
92645
101849
120000
80000
70000
120000
42000
120000
155836
59000
60000
70000
20000
120000
40000
90000
89000
80000
200000
50000
35000
1000
10000
86000
30000
52600
110000
19890
7104
11918
10510
41000
47162
45974
49824
58500
56580
52000
55340
46507
200000
120000
90000
65000
50000
33000
38000
40000
55000
26000
80000
40000
120000
63230
120000
100000
77000
30000
40000
35000
5000
35000
90000
65000
80000
50000
33000
38000
40000
55000
15000
26000
80000
80000
40000
120000
70000
63230
120000
45000
40000
100000
110000
90000
25000
47000
60000
120000
120000
140000
1001
1758
1452
35122
92621
92198
5000
50000
74000
40000
22000
100000
40000
30000
23000
30000
50000
100000
70000
60000
90000
230000
40000
15000
40000
50000
50000
8000
35000
80000
50000
80000
90000
30000
70000
80000
60000
35000
70000
100000
152000
70000
90000
40000
50000
15000
120000
78322
110000
80000
120000
125000
8000
13000
80000
54309
70000
34600
25000
80000
55000
5000
30000
31000
50000
38217
50000
120000
110000
40000
50000
10000
10000
100000
60000
30000
23000
30000
50000
25000
15000
30000
45000
44800
50000
52000
50000
35000
100000
100000
40000
60000
77000
60000
77073
70000
90000
186000
90000
100000
80000
150000
80000
35000
70000
50000
25000
120000
70000
106000
120000
120000
160000
120000
10000
50000
90000
70000
100000
100000
80000
16584
38000
51000
38000
35000
120000
38000
144000
64000
60000
65000
24000
58000
58000
68000
81257
44000
45000
75000
90000
80000
35000
25000
90000
25000
110000
35000
10000
10000
70000
110000
5000
120000
90000
70000
90000
120000
110000
50000
58000
15000
60000
57000
87000
70000
30000
80000
100000
40000
3917
160000
35000
70000
69069
13500
59059
70000
39039
33033
55168
41041
67067
66066
82082
48000
30000
70070
10000
25000
30000
50000
63063
70000
90000
90000
90000
30000
80000
120000
22000
140000
80000
40000
33000
40000
10500
107000
60000
120000
70000
50000
70000
6000
78000
72000
9528
135200
58000
78000
45000
35000
76000
100000
99000
80000
120000
1100
34000
68000
15000
58000
50300
70000
60000
90000
40000
80000
15000
45000
130000
80000
40000
80000
100000
151624
160000
110000
74820
82000
50000
70000
1000
170000
150000
17000
150000
80000
170000
120000
90000
90000
100000
90000
129000
186000
66778
50000
110000
60000
40000
55000
21000
66363
11700
10000
100000
7104
45974
55340
20000
61585
39415
29654
64672
54634
66521
3000
23974
10000
50000
70000
73000
76000
120000
170000
110000
63400
25000
80000
90000
157000
80000
40000
100000
50000
40000
38500
103921
10000
14825
43377
102307
79000
135000
10500
90000
110000
50000
80000
19571
100000
29600
20000
30000
154000
70000
15000
40000
51000
120000
50000
13500
35000
1000
10000
86000
30000
52600
110000
19890
7104
11918
10510
41000
47162
45974
49824
58500
56580
52000
55340
46507
1000
10000
86000
30000
52600
110000
19890
7104
11918
10510
41000
47162
45974
49824
58500
56580
52000
55340
46507
70000
60000
70000
10000
245244
60000
30000
8000
10000
100000
110000
56580
45000
68500
5007
30000
70000
49600
23000
30000
38000
22000
43100
10171
41123
20118
40000
52517
20000
99117
90000
3700
80000
100000
54000
19000
120000
30000
43500
60000
70000
135000
50000
19571
29600
70000
15000
50000
13500
22000
25000
80000
39000
60000
49000
48600
20000
25000
120000
30000
35000
90000
80000
35000
25000
90000
25000
20000
60000
58000
40000
70000
70000
60000
135000
70000
40000
75000
150000
140000
70000
137250
110000
27000
9000
5400
1000
16000
13000
47000
22000
30000
20000
60000
75000
64000
80000
90000
30000
120000
20000
100000
31000
47000
11200
35000
50000
55000
20000
75000
93000
57000
30000
73000
65000
62000
85000
73000
55000
5800
350000
30000
20000
20000
100000
65000
90000
267000
250000
140000
22000
60000
28635
32114
82000
95149
68458
42000
90000
30000
80000
128000
80000
100000
50000
56000
21302
100000
80000
105546
10000
80000
35000
11240
120000
120000
70000
130000
40000
60000
110000
130000
80000
120000
104000
100000
132343
90000
60000
76000
60000
30000
96000
10000
36000
12997
40000
26430
24600
28481
100000
41988
30375
7658
34400
18500
26134
28942
53600
53652
52895
42324
65000
60236
70000
70000
100000
110000
10300
120000
142000
25000
5000
52600
28643
50000
30000
5000
30000
7600
47253
4432
110000
25000
70000
68523
5000
40000
43000
80251
34500
42743
93900
80000
110000
100000
25000
25000
25000
20000
10000
30000
110000
80000
21000
20000
32000
180000
70000
50000
50000
120000
55766
40000
60000
50000
110000
1000
26350
110000
68745
132000
35000
47000
100000
80000
40000
27289
10980
24662
37000
28245
27005
39227
31367
35008
27005
86000
50000
20000
50000
80000
135000
120000
113600
70000
20000
14000
26000
138925
121764
105429
35000
60000
5000
70000
80000
20000
8000
54000
55300
11958
9000
70000
120000
23122
58000
62200
34000
53000
49000
15000
44500
50000
53000
63500
9800
13599
13000
110000
100000
110000
90000
17000
140000
50000
53000
70000
70000
154000
80000
110000
90000
15000
86000
120000
5200
60000
46000
40000
90000
25000
90000
70000
70000
35000
12700
80000
20000
20000
19000
95000
9500
50000
90000
45839
74510
87293
156040
93415
101159
80000
12000
90000
68519
55130
65239
58182
91245
102989
50000
120000
90000
25000
80000
100000
70000
50000
100000
90000
60000
120000
90000
60000
30000
108000
160000
90000
120000
102000
178000
200000
60000
3000
75118
140000
60000
79000
25000
70000
41723
70000
70000
4637
70000
100000
120000
40000
220000
20000
19000
95000
30000
42655
43000
70000
55000
80000
55000
70000
80000
110000
60000
30000
80000
90000
50000
50000
70000
110000
80000
156000
180000
25000
120000
11000
40000
50000
26000
30000
50000
20000
30000
78000
40000
100000
70000
30000
77000
150000
69000
120000
120000
110000
70000
110000
50000
44000
90000
50000
50000
146000
15000
60000
35000
80000
90000
70000
62000
10000
80000
35000
1000
10000
86000
30000
52600
110000
19890
7104
11918
10510
41000
47162
45974
49824
58500
56580
52000
55340
46507
40000
40000
120000
60000
90000
250000
15000
30000
15000
55766
80000
117000
70000
110000
100000
105000
182000
95000
70000
76000
70000
46000
70000
120000
25000
90000
50000
24585
70000
110000
10000
100000
110000
100000
65000
40000
13900
17563
15000
82000
40000
173000
151000
50000
15000
80000
11000
50000
120000
70000
90000
185000
40000
25000
117780
120000
120000
120000
110000
30000
30000
60000
25000
55000
20000
100000
40000
80000
80000
35000
110000
160000
125000
62000
120000
33000
80000
35000
50000
5000
12000
81595
22000
40000
40000
70000
4000
24000
13500
40000
9700
62000
24000
13000
50000
36000
40000
27000
40000
80000
221000
80000
119000
190000
25000
28740
48500
110000
30000
120000
130000
140000
90000
50000
50000
60000
15000
45000
80000
15000
20000
37000
80000
120000
20000
25000
96000
54000
53000
65000
43000
42000
73000
29000
95000
25000
53000
20000
57000
52000
40000
47000
47000
73000
42000
60000
50000
120000
50000
70000
25000
11000
80000
80000
75000
45000
100000
60000
160000
50000
80000
60000
60000
148620
70000
42000
40000
150000
30000
90000
120000
80000
80000
50000
70000
120000
70000
55300
74300
48781
87620
40219
11473
8352
9745
9748
49000
20694
31080
37605
55850
58850
23839
54000
38000
45454
46957
8000
30000
110000
223000
110000
120000
100000
100000
60000
270000
60000
41090
296823
40000
40000
70000
80000
90000
19000
110000
60000
19000
68000
120000
30000
90000
140000
44500
52000
26000
26000
80000
35000
60000
120000
58000
100000
43700
120000
80000
20000
25000
27483
8000
30000
30000
100000
56207
40000
70000
1440
12000
50000
35000
50000
60000
67000
100000
60000
70000
50000
120000
100000
90000
80000
90000
157000
20000
80000
60000
49000
89255
5000
110000
200000
90000
63000
23000
100000
168000
90000
70000
5550
100000
80000
40000
100000
35000
75000
150000
16000
70000
115000
25000
10000
15000
10000
80000
1700
45217
97000
20000
50000
120000
50000
40000
110000
155000
70000
70000
100000
41000
60000
56000
60000
97000
60000
60000
48000
190000
80000
70000
80000
30000
44440
30000
120000
80000
110000
170000
46000
120000
91365
90010
80000
35000
80000
31800
59100
31200
51000
22700
58000
50900
10000
60000
80000
72000
96000
66000
80000
90000
70000
75000
2417
100000
30000
50000
60000
120000
7000
35000
110000
130000
25000
35000
80000
70000
23000
40000
110000
10000
80000
25000
74000
60000
70000
100000
146000
120000
70000
120000
65500
70000
50000
90000
120000
56000
70000
140300
70000
36000
12997
40000
25000
26430
24600
28481
100000
41988
7658
30375
34400
18500
48000
28942
50000
53600
53652
23000
10211
120000
120000
35000
130000
90000
80000
55000
15000
260000
145000
35000
56000
98000
135000
60000
120000
102000
35000
80000
13599
32933
54551
57112
41025
5000
5000
53122
64111
78892
74113
80000
39000
84775
20778
64441
43192
44416
79991
62601
50000
100000
97000
100000
100000
20000
46000
40000
70000
89600
60800
104000
80000
69111
70000
120000
40000
100000
20000
50000
50000
70000
90000
150000
120000
100000
70000
70000
50000
81000
120000
3600
14272
49213
40000
40000
80000
70000
70000
57000
120000
30000
3240
5000
10000
90000
100000
90000
140000
13770
4637
100000
60000
80000
50000
40000
93900
70000
120000
40000
120000
80000
110000
34000
20000
117000
1500
48965
55000
60000
40000
80000
11000
110000
19890
20969
20194
34982
44588
57904
59258
60826
50000
35000
110000
40000
10000
50000
25000
25000
1300
40000
50000
20000
76000
100000
120000
70000
70000
60000
38000
19000
75000
70000
30000
31707
180000
90000
30000
60000
90000
120000
70000
70000
26500
50000
52000
160000
115992
110000
97000
100000
41000
90000
90000
25000
70000
60000
30000
30000
60000
73000
100000
32000
26500
50000
110000
84000
50000
110000
150000
109052
90658
110000
25000
20000
80000
60000
81000
15000
75000
25552
20000
80000
25000
40700
65500
42000
8000
80000
77000
6000
28838
11174
120000
80000
85000
10000
105000
120000
30000
41000
54000
40000
71000
72500
76600
40000
110000
63000
60000
58000
80000
80000
70000
97700
36000
90000
130000
120000
15000
120000
170000
37500
50000
145000
60000
30000
35000
60000
35000
40000
50000
23800
70000
90000
102000
80000
5000
10000
50000
15000
35000
20000
99000
90000
47000
90000
20000
1100
40000
15000
40000
60000
20000
5000
27000
38000
25000
1100
100000
100000
110000
60000
70000
110000
44077
24000
30000
30000
40000
90000
50000
100000
50000
210000
20000
70000
100000
160000
70000
9422
110000
20000
20000
70000
60000
150000
83000
250000
30000
21000
80000
50000
50000
48500
60000
90000
240000
70000
50000
110000
50000
175000
60000
60000
100000
40000
100000
63000
80000
55000
55000
60000
5000
48000
80000
50000
15000
70000
105000
50000
80000
50000
5000
58000
12000
10000
45000
10000
50000
40000
100000
80000
110000
120000
10000
60000
72000
60000
110000
50000
25000
120000
55000
35000
110000
80000
80000
120000
100000
60000
25000
19000
54000
17100
19000
146000
98000
224642
120000
175000
15000
50000
15000
25000
25000
69000
60000
222435
66000
110000
78000
10000
35000
10000
40000
120000
70000
40000
20000
93000
159000
75000
101100
66000
30000
10000
126000
70000
50000
100000
60000
70000
1200
40000
80000
134444
120000
120000
238000
100000
110000
35000
165000
42000
70000
60000
115000
70000
80000
65000
150000
75000
63700
74800
105000
40000
90000
75000
15000
30000
100000
155000
149000
60000
90000
100000
100000
90000
75000
120000
90000
55000
70000
95000
50000
50000
60516
235000
76731
64000
65000
13000
77000
24000
63840
25000
76400
70000
70000
80000
100000
40000
15000
70000
15000
40000
54000
90000
52000
200000
35000
60000
31489
40000
110000
50000
44000
90000
50000
50000
81366
110000
300000
70000
100000
70000
50000
180000
50000
90000
110000
26000
65000
130000
75000
110000
50000
80000
80000
60000
90000
36000
87000
80000
50000
60000
50000
40000
60000
55000
80000
295000
80000
50000
158000
400000
25000
35000
12000
70000
4000
10832
50000
19495
62668
85710
55130
63356
129627
15000
50000
70000
20000
60000
5000
15000
4400
15000
45000
1000
38500
25000
35000
110000
40000
110000
20000
14987
25061
42494
44875
89741
65000
35000
347089
34500
30000
39000
16000
80000
60000
110000
61000
29000
50000
90000
35000
43000
50000
25000
222252
50000
80000
35000
85000
110000
70000
100000
120000
89000
120000
40000
17000
125000
110000
120000
90000
90000
110000
87000
15000
70000
38000
64000
55250
110000
70000
60000
17000
13000
60000
120000
97000
130000
50000
120000
68000
100000
80000
67000
60000
5000
20000
12500
4000
25000
70000
162000
205000
70000
70000
100000
70000
220000
80000
120000
22038
80000
90000
140000
120000
60000
80000
60000
90000
80000
175000
10000
65000
90000
70000
2500
35000
40000
63000
88000
55000
71014
60000
70000
60000
92000
89126
134000
15000
42500
42000
70000
110000
131365
48980
46000
60000
58000
22000
37000
70000
98900
125000
60000
80000
80000
40000
80000
30000
35000
180000
60000
86000
127643
34000
145000
25000
54000
102354
70000
70000
36000
58000
100000
62237
90000
100000
14000
21394
13800
23000
32686
99700
5000
49654
45457
39221
48220
11114
60208
80000
98600
13000
30000
18000
100000
58000
85441
64541
35000
30000
16267
71500
12999
80000
90000
28000
200000
14700
90000
50000
100000
24000
100000
90000
30000
80000
92686
300000
90000
60000
40000
90000
80000
100000
20000
51000
120000
55000
6000
40000
15000
50000
90000
38500
35000
49359
70000
90000
50000
108731
120000
60000
90000
140000
80000
90000
40000
14000
70000
55000
60000
74000
45000
38000
24000
29976
41000
15000
36000
30646
23600
71318
78098
30000
45000
67000
14681
25000
18054
40000
30000
80000
20000
40000
120000
120000
97000
70000
120000
88000
38406
54350
32260
58231
59858
73350
88473
96987
77350
61187
68350
81150
30000
30000
120000
180000
50000
80000
280000
90000
250000
90000
110000
80000
35000
15000
52000
140000
60000
17000
70000
97000
125000
300000
120000
87000
75000
60000
25000
26000
78000
26000
35000
100000
80000
90000
80000
100000
20000
51000
120000
55000
6000
40000
15000
50000
90000
38500
35000
49359
70000
90000
50000
108731
120000
40000
120000
100000
110000
80000
90000
60000
75000
20000
80000
105700
14000
70000
28000
51000
56000
35000
24000
64000
120000
37091
80000
38900
60000
110000
100000
85000
140000
20000
15000
40000
50000
20000
50000
100000
9400
12000
14100
21000
28000
35000
31000
58000
25000
72000
89000
160000
30000
37555
14000
56600
110000
50000
5000
100000
120000
67580
100000
60000
125000
120000
130000
250000
52600
82000
19890
40000
78000
48238
38365
23670
49834
57353
68308
63240
60000
100000
60000
90000
1000
6000
50000
90000
30000
140000
65000
38000
80000
50000
110000
90000
37000
30000
26000
128000
30000
23000
120000
40000
27000
65000
32000
52536
100000
80000
90000
60000
55000
90000
50000
90000
25000
61000
30000
45000
60000
75000
140000
56000
62000
58000
49000
56000
73000
69000
10000
110000
116000
40000
30000
109000
90000
7000
120000
64916
37161
15000
118000
50852
30000
77000
70000
120000
40000
33000
53500
40000
82000
60000
24000
120000
65000
65000
84000
75000
50000
50000
49000
560000
14365
41000
65000
65000
61083
75000
72000
65000
60000
5000
80000
51500
120000
79800
97000
6590
49957
43235
50699
126000
140730
46000
80000
256000
120000
40000
40000
40000
135000
50000
98000
70000
50000
30000
120000
70000
35000
70000
35000
70000
50000
90000
90000
70000
50000
120000
230000
70000
100000
15000
80000
25000
52000
66000
64000
49000
100000
72000
50000
44000
101000
55000
115000
100000
52000
105000
170000
105000
60000
25000
218000
25000
52000
66000
64000
49000
100000
72000
50000
44000
101000
55000
115000
100000
52000
105000
170000
105000
60000
25000
218000
58000
110000
1000
100000
110000
40000
52000
80000
52000
124000
210000
66000
120000
40000
90000
120000
110000
56580
45000
50000
68500
5007
30000
70000
49600
23000
30000
38000
22000
40000
43100
15000
35000
10171
41123
20118
15000
10000
170000
20000
82000
60000
50000
70000
66782
130000
120000
75000
40000
90000
150000
60000
112198
60000
130000
175000
120000
90000
170000
80000
80000
83000
90000
40000
